---------------------------------------------------------------------------
Element                     Br
Energy Cutoff(Ry)           100
Radius Cutoff(a.u.)         8
Lmax                        2
Number of Sorbital-->       2
Number of Porbital-->       2
Number of Dorbital-->       1
---------------------------------------------------------------------------
SUMMARY  END

Mesh                        801
dr                          0.01
                Type                   L                   N
                   0                   0                   0
-0.3051472177547387	-0.3052440198124233	-0.3055343332896626	-0.30601788020742393	
-0.30669419762854394	-0.30756263819905066	-0.3086223709050008	-0.3098723820438022	
-0.31131147640871293	-0.31293827868491686	-0.3147512350552733	-0.3167486150135556	
-0.31892851338269906	-0.32128885253528816	-0.32382738481321705	-0.3265416951431718	
-0.3294292038442942	-0.3324871696240896	-0.33571269275836974	-0.3391027184507216	
-0.342654040366719	-0.3463633043378217	-0.3502270122296114	-0.3542415259687735	
-0.3584030717229357	-0.3627077442272476	-0.3671515112513059	-0.37173021819980473	
-0.37643959284004613	-0.38127525014922303	-0.38623269727416665	-0.3913073385960552	
-0.3964944808923805	-0.40178933858829846	-0.4071870390893177	-0.4126826281871417	
-0.41827107553034626	-0.42394728015144995	-0.4297060760418561	-0.435542237766053	
-0.44145048610641224	-0.4474254937298821	-0.4534618908678611	-0.4595542710005394	
-0.46569719653703306	-0.4718852044826752	-0.47811281208490963	-0.484374522449334	
-0.4906648301175479	-0.49697822659861224	-0.5033092058460983	-0.5096522696728781	
-0.5160019330960374	-0.5223527296045096	-0.5286992163422944	-0.5350359792003959	
-0.5413576378109032	-0.5476588504369608	-0.553934318752694	-0.5601787925075051	
-0.5663870740695173	-0.5725540228433185	-0.5786745595575328	-0.5847436704181584	
-0.5907564111239972	-0.5967079107409272	-0.6025933754321767	-0.6084080920421749	
-0.6141474315319791	-0.6198068522646967	-0.6253819031397295	-0.6308682265750911	
-0.6362615613374384	-0.641557745219865	-0.6467527175678897	-0.6518425216544427	
-0.6568233069050101	-0.6616913309744574	-0.6664429616773523	-0.6710746787739496	
-0.6755830756142605	-0.6799648606429164	-0.6842168587677729	-0.688336012595421	
-0.6923193835369805	-0.6961641527877145	-0.6998676221841477	-0.703427214942511	
-0.7068404762824071	-0.7101050739396806	-0.7132187985725067	-0.7161795640647353	
-0.7189854077305208	-0.7216344904242254	-0.7241250965595406	-0.7264556340416785	
-0.7286246341163829	-0.7306307511394009	-0.732472762269883	-0.7341495670910485	
-0.7356601871612541	-0.7370037654984133	-0.7381795660005072	-0.7391869728047142	
-0.740025489587445	-0.7406947388073386	-0.7411944608930436	-0.7415245133773325	
-0.7416848699788887	-0.7416756196328289	-0.7414969654707873	-0.7411492237511585	
-0.7406328227398465	-0.7399483015416553	-0.739096308882236	-0.7380776018403044	
-0.7368930445296571	-0.7355436067303442	-0.7340303624681902	-0.7323544885417345	
-0.7305172629955371	-0.7285200635386918	-0.7263643659073351	-0.7240517421698706	
-0.7215838589736018	-0.7189624757314712	-0.7161894427476183	-0.713266699280504	
-0.7101962715424309	-0.7069802706343749	-0.7036208904151454	-0.7001204053040571	
-0.696481168016424	-0.6927056072313931	-0.6887962251918169	-0.6847555952360989	
-0.6805863592621755	-0.6762912251240456	-0.6718729639615455	-0.6673344074643232	
-0.662678445071281	-0.6579080211070364	-0.653026131857275	-0.6480358225851643	
-0.6429401844913353	-0.6377423516202317	-0.6324454977159568	-0.6270528330310566	
-0.621567601091979	-0.6159930754252545	-0.6103325562487248	-0.6045893671324287	
-0.5987668516340156	-0.5928683699138008	-0.5868972953348177	-0.5808570110534169	
-0.57475090660617	-0.5685823744989917	-0.5623548068045449	-0.5560715917741174	
-0.5497361104702435	-0.5433517334264272	-0.5369218173403526	-0.5304497018069929	
-0.5239387060980063	-0.5173921259937758	-0.510813230674371	-0.50420525967562	
-0.4975714199163498	-0.4909148828027093	-0.4842387814152957	-0.4775462077846219	
-0.4708402102602134	-0.4641237909783885	-0.45739990343348585	-0.45067145015702215	
-0.4439412805089373	-0.43721218858475736	-0.43048691124215505	-0.42376812625002497	
-0.41705845056281765	-0.4103604387224832	-0.403676581389991	-0.3970093040079824	
-0.39036096559571065	-0.3837338576770156	-0.377130203341672	-0.37055215644003614	
-0.36400180091052536	-0.35748115023905547	-0.35099214704917436	-0.34453666282125134	
-0.3381164977387104	-0.33173338065893354	-0.32538896920612637	-0.3190848499831038	
-0.3128225388986429	-0.3066034816067689	-0.30042905405405335	-0.29430056313076375	
-0.288219247421472	-0.28218627805051366	-0.2762027596175196	-0.27026973121806425	
-0.2643881675443506	-0.2585589800607273	-0.25278301824875143	-0.24706107091643872	
-0.24139386756629883	-0.23578207981674099	-0.2302263228714277	-0.22472715703118826	
-0.21928508924314136	-0.2139005746817503	-0.20857401835661338	-0.20330577674190325	
-0.1980961594224818	-0.1929454307518693	-0.18785381151738012	-0.18282148060792786	
-0.17784857668015827	-0.17293519981877983	-0.16808141318714404	-0.16328724466435277	
-0.15855268846536885	-0.153877706740842	-0.1492622311535748	-0.14470616442879053	
-0.14020938187558757	-0.13577173287719857	-0.13139304234789662	-0.12707311215462347	
-0.12281172250162735	-0.11860863327662818	-0.11446358535723182	-0.11037630187652195	
-0.10634648944696687	-0.10237383934195526	-0.09845802863447312	-0.09459872129259553	
-0.0907955692316399	-0.08704821332297664	-0.08335628435964137	-0.07971940397901998	
-0.07613718554301142	-0.07260923497617297	-0.06913515156246657	-0.06571452870130436	
-0.06234695462368595	-0.05903201306927577	-0.055769283925344484	-0.052558343828537774	
-0.04939876673048891	-0.04629012442831711	-0.043231987061086594	-0.0402239235733145	
-0.03726550214663333	-0.034356290600712484	-0.03149585676454875	-0.028683768819228763	
-0.02591959561325231	-0.023202906951499905	-0.020533273858900886	-0.01791026881984808	
-0.015333465994375663	-0.012802441412096825	-0.010316773144872178	-0.00787604145915557	
-0.005479828948934398	-0.0031277206501626963	-0.0008193041375532087	0.001445830395422744	
0.003668090072507994	0.005847879285799717	0.0079855996612787	0.010081650037960587	
0.012136426459925713	0.014150322180490345	0.016123727677801993	0.018057030681147446	
0.019950616207273796	0.021804866606026985	0.023620161614623218	0.025396878419867194	
0.027135391727638705	0.02883607383897074	0.030499294732041448	0.03212542214940937	
0.03371482168981509	0.03526785690388146	0.036784889393041226	0.03826627891102643	
0.03971238346725524	0.04112355943146069	0.04250016163890685	0.04384254349555206	
0.04515105708252362	0.0464260532592862	0.04766788176489545	0.04887689131675091	
0.05005342970627713	0.05119784389099003	0.05231048008242515	0.053391683829437084	
0.05444180009640788	0.055461173335936316	0.056450147555615914	0.057409066378549325	
0.058338273097284385	0.059238110720905186	0.06010892201505082	0.060951049534685255	
0.061764835649488314	0.06255062256178515	0.06330875231698406	0.06403956680654009	
0.06474340776351444	0.06542061675084664	0.0660715351425086	0.06669650409775564	
0.067295864528737	0.067869957061773	0.06841912199264981	0.06894369923632017	
0.06944402827143904	0.0699204480801943	0.07037329708392609	0.070802913075052	
0.0712096331458405	0.07159379361459356	0.07195572994981146	0.0722957766929253	
0.07261426738018574	0.07291153446429714	0.07318790923638259	0.07344372174885491	
0.07367930073975586	0.07389497355910594	0.0740910660977858	0.07426790271944082	
0.07442580619587097	0.07456509764633139	0.07468609648113052	0.07478912034987031	
0.07487448509462895	0.07494250470833608	0.07499349129854463	0.07502775505674776	
0.07504560423333877	0.0750473451182579	0.0750332820273146	0.07500371729411975	
0.07495895126751072	0.07489928231429553	0.07482500682709499	0.07473641923700919	
0.07463381203078974	0.07451747577215331	0.07438769912683067	0.07424476889090953	
0.07408897002199231	0.07392058567266284	0.07373989722572888	0.07354718433068735	
0.07334272494084249	0.07312679535049678	0.07289967023162804	0.07266162266946581	
0.07241292419638465	0.07215384482354084	0.07188465306969569	0.07160561598668622	
0.07131699918103118	0.07101906683118739	0.07071208170000766	0.07039630514198847	
0.07007199710493703	0.06973941612573503	0.06939881931992274	0.06905046236488045	
0.06869459947643729	0.06833148337879333	0.06796136526769854	0.06758449476688996	
0.06720111987784667	0.06681148692298237	0.06641584048245197	0.06601442332480566	
0.06560747633178136	0.065195238417578	0.06477794644300476	0.064355835124949	
0.06392913694165163	0.06349808203431902	0.06306289810563902	0.0626238103158015	
0.062181041176652005	0.06173481044463122	0.06128533501317142	0.0608328288052338	
0.060377502666679704	0.05991956426116985	0.0594592179672838	0.058996664778542665	
0.05853210220700428	0.05806572419108138	0.05759772100820788	0.05712827919295054	
0.05665758146112648	0.056185806640452036	0.0557131296082024	0.05523972123631662	
0.05476574834433238	0.05429137366048075	0.053816755791216704	0.05334204919940282	
0.05286740419130376	0.052392966912487765	0.05191887935267188	0.051445279359482524	
0.050972300661045924	0.0505000728972566	0.05002872165951747	0.049558368538685546	
0.049089131180899866	0.04862112335091737	0.04815445500253286	0.04768923235560981	
0.04722555797920887	0.046763530880261	0.04630324659719786	0.04584479729792294	
0.045388271881482804	0.04493375608277591	0.04448133257962632	0.04403108110153621	
0.043583078539430595	0.0431373990557072	0.04269411419391436	0.04225329298738742	
0.04181500206619777	0.0413793057617847	0.04094626620867129	0.04051594344269702	
0.04008839549523291	0.03966367848288745	0.039241846692253134	0.038822952659290234	
0.0384070472429943	0.03799417969304357	0.037584397711177095	0.03717774750610998	
0.036774273841845194	0.036374020079300524	0.03597702821122437	0.035583338890429715	
0.03519299145143109	0.03480602392562404	0.034422473050196405	0.03404237427101253	
0.0336657617397585	0.033292668305679694	0.03292312550228388	0.032557163529421444	
0.032194811231185054	0.03183609607010451	0.031481044098134	0.031129679924951113	
0.03078202668410462	0.030438105997555403	0.0300979379391656	0.02976154099768945	
0.02942893203981818	0.02910012627382347	0.02877513721433023	0.028453976648734055	
0.028136654605758857	0.027823179326621542	0.027513557239246016	0.027207792935934623	
0.02690588915486939	0.026607846765778598	0.02631366476006342	0.026023340245635823	
0.025736868446675044	0.0254542427084659	0.025175454507432866	0.024900493466438994	
0.024629347375372285	0.024362002216992716	0.02409844219797175	0.02383864978500681	
0.023582605745853746	0.023330289195078603	0.023081677644288822	0.022836747056571925	
0.022595471904832083	0.022357825233688188	0.022123778724568933	0.021893302763616666	
0.021666366511993194	0.02144293797816621	0.021222984091740983	0.02100647077839611	
0.020793363035480274	0.020583625007823708	0.020377220063326745	0.02017411086789476	
0.01997425945930068	0.01977762731957371	0.019584175445532648	0.019393864417102814	
0.019206654463084425	0.01902250552406718	0.01884137731221645	0.018663229367691474	
0.018488021111489034	0.01831571189454285	0.018146261042948385	0.017979627899217327	
0.017815771859508306	0.017654652406816074	0.017496229140141165	0.017340461799699426	
0.01718731028826568	0.01703673468878234	0.01688869527839629	0.01674315253911798	
0.016600067165325652	0.01645940006836448	0.016321112378512324	0.016185165444604303	
0.0160515208316274	0.01592014031660581	0.015790985883112424	0.015664019714744997	
0.015539204187910566	0.01541650186425924	0.01529587548310678	0.01517728795417474	
0.01506070235096756	0.014946081905091576	0.014833390001801382	0.014722590177041132	
0.014613646116222312	0.014506521654955022	0.014401180781921557	0.01429758764404985	
0.014195706554114486	0.014095502000857057	0.013996938661686423	0.01389998141798152	
0.013804595372986679	0.013710745872252711	0.01361839852654185	0.013527519237082262	
0.013438074223021719	0.013350030050902092	0.013263353665941748	0.013178012424889026	
0.013093974130180893	0.013011207065119794	0.012929680029758922	0.01284936237717134	
0.012770224049761268	0.012692235615265562	0.01261536830208745	0.012539594033596892	
0.012464885461035493	0.012391215994663363	0.012318559832793508	0.012246891988371075	
0.012176188312764047	0.012106425516455362	0.012037581186339703	0.01196963379935881	
0.01190256273222849	0.01183634826704556	0.011770971592590255	0.011706414801174193	
0.011642660880921255	0.011579693703401362	0.011517498006581089	0.01145605937308747	
0.011395364203826565	0.011335399687034182	0.011276153762877786	0.01121761508376565	
0.01115977297056001	0.011102617364924952	0.011046138778076529	0.010990328236236547	
0.010935177223120408	0.010880677619820927	0.01082682164247387	0.010773601778114051	
0.01072101071915294	0.010669041296920772	0.010617686414734373	0.010566938980955568	
0.010516791842515092	0.010467237719375145	0.010418269140403164	0.010369878381122737	
0.010322057403796908	0.010274797800286685	0.01022809073810812	0.010181926910092894	
0.01013629648803001	0.010091189080641494	0.010046593696212299	0.010002498710163114	
0.009958891837817523	0.009915760112579289	0.009873089869693897	0.009830866735728378	
0.009789075623862263	0.009747700735036507	0.009706725564967633	0.009666132916987669	
0.00962590492062789	0.009586023055823553	0.009546468182571459	0.009507220575836181	
0.009468259965457523	0.009429565580779209	0.00939111619968085	0.00935289020166554	
0.009314865624625383	0.009277020224880875	0.009239331540068316	0.009201776954428063	
0.009164333766033447	0.009126979255484618	0.0090896907555865	0.009052445721522487	
0.00901522180103782	0.008977996904146643	0.008940749271886842	0.00890345754365469	
0.008866100822667507	0.008828658739119782	0.008791111510618354	0.008753439999508608	
0.008715625766728411	0.008677651121857631	0.008639499169063227	0.008601153848672853	
0.00856259997414823	0.008523823264263963	0.008484810370339236	0.008445548898406815	
0.008406027426245091	0.008366235515238307	0.008326163717070066	0.008285803575294775	
0.008245147621868926	0.008204189368763494	0.008162923294811506	0.008121344827981061	
0.008079450323294692	0.008037237036645621	0.007994703094788112	0.007951847461803711	
0.007908669902365753	0.007865170942142766	0.007821351825696233	0.007777214472239175	
0.007732761429631096	0.0076879958269880375	0.007642921326288831	0.00759754207335599	
0.007551862648583952	0.007505888017779217	0.007459623483464044	0.007413074636981604	
0.007366247311721832	0.007319147537767286	0.007271781498235917	0.007224155487572055	
0.00717627587201103	0.007128149052413701	0.007079781429638281	0.007031179372585393	
0.006982349189021354	0.006933297099253079	0.006884029212695247	0.006834551507339767	
0.006784869812105633	0.006734989792017236	0.006684916936130487	0.006634656548097296	
0.0065842137392340865	0.00653359342393504	0.006482800317248789	0.00643183893441878	
0.0063807135921682264	0.006329428411498924	0.006277987321758907	0.0062263940657283105	
0.00617465220546335	0.006122765128640623	0.006070736055139572	0.006018568043608333	
0.005966263997762904	0.005913826672179178	0.005861258677351224	0.0058085624838019575	
0.005755740425052523	0.005702794699274393	0.005649727369473056	0.005596540362072643	
0.005543235463800934	0.00548981431679756	0.00543627841189881	0.00538262908008186	
0.00532886748207856	0.005274994596202464	0.005221011204459443	0.005166917877043684	
0.00511271495535012	0.005058402533659566	0.005003980439683218	0.0049494482141741215	
0.004894805089841086	0.004840049969815339	0.00478518140594625	0.004730197577211888	
0.004675096268547334	0.004619874850403776	0.004564530259355598	0.004509058980081245	
0.004453457029037665	0.004397719940150087	0.004341842752824766	0.004285820002583987	
0.004229645714595869	0.004173313400348845	0.00411681605767493	0.004060146174271605	
0.004003295734792981	0.003946256231462743	0.003889018678004106	0.003831573626444521	
0.003773911186022142	0.0037160210429514192	0.003657892479137803	0.0035995143870211637	
0.0035408752764723673	0.0034819632680047705	0.0034227660643717565	0.003363270889852014	
0.003303464383074736	0.0032433324251383323	0.0031828598800826675	0.003122030219713032	
0.0030608249997609678	0.002999223150041009	0.0029372000386140235	0.002874726270270986	
0.002811766184583409	0.002748276030238248	0.0026842018125242183	0.0026194768416803126	
0.002554019053037374	0.002487728226292567	0.0024204833003067805	0.0023521400590439624	
0.0022825295486866306	0.0022114576677340096	0.0021387064401419873	0.002064037522688022	
0.001987198496236153	0.0019079324304066135	0.0018259910779320136	0.0017411518384371778	
0.0016532383283984914	0.0015621440113296	0.0014678578988175477	0.001370490861252138	
0.0012703006323616316	0.0011677132099739164	0.0010633381086138584	0.0009579748686521889	
0.0008526084234493707	0.0007483914037495741	0.0006466122240504174	0.0005486488220939064	
0.000455909146773808	0.00036976081344657427	0.00029145364227539715	0.00022203992159426213	
0.00016229805036664915	0.0001126655851575633	7.318755705621867e-05	4.348519358568578e-05	
2.2748902585802796e-05	9.757636949377366e-06	2.9247078156661616e-06	3.679416271729864e-07	
-0.0	
                Type                   L                   N
                   0                   0                   1
0.29223702934843643	0.29219811109388416	0.29208139186412724	0.29188697820553117	
0.291615047511076	0.2912658477444334	0.2908396970547084	0.29033698328287805	
0.2897581633612499	0.28910376260753623	0.28837437391542753	0.28757065684381633	
0.28669333660707746	0.28574320296907624	0.2847211090438072	0.28362797000581064	
0.2824647617137223	0.281232519250536	0.27993233538433654	0.27856535895346507	
0.2771327931802236	0.2756358939173974	0.27407596783200555	0.27245437053080607	
0.27077250463220726	0.26903181778930535	0.2672338006688605	0.2653799848910758	
0.2634719409350792	0.2615112760150493	0.25949963193191583	0.25743868290557415	
0.25533013339252425	0.253175715893801	0.2509771887580183	0.24873633398427286	
0.2464549550295722	0.2441348746253554	0.2417779326075604	0.23938598376457101	
0.23696089570723913	0.23450454676502816	0.23201882391216702	0.22950562072753425	
0.2269668353918118	0.22440436872526093	0.2218201222692822	0.2192159964147084	
0.2165938885795838	0.21395569143895954	0.21130329120901647	0.20863856598761438	
0.20596338415312382	0.2032796028231881	0.2005890663748187	0.197893605027004	
0.1951950334867878	0.19249514965953193	0.18979573342386533	0.18709854547158855	
0.18440532621259026	0.18171779474460362	0.1790376478874388	0.17636655928109543	
0.17370617854698717	0.17105813051129257	0.16842401448927402	0.16580540362922694	
0.16320384431454418	0.1606208556222257	0.1580579288360107	0.15551652701216304	
0.15299808459581046	0.15050400708562187	0.14803567074448268	0.14559442235374054	
0.143181579008501	0.14079842795136993	0.138446226441987	0.1361262016596245	
0.133839550636101	0.13158744021621394	0.12937100704289645	0.1271913575642827	
0.1250495680598814	0.12294668468307557	0.12088372351720433	0.11886167064251012	
0.11688148221131045	0.11494408452880496	0.1130503741370176	0.11120121789945314	
0.10939745308415627	0.10763988744296867	0.10592929928489925	0.10426643754164959	
0.10265202182348679	0.10108674246378636	0.09957126055073791	0.09810620794486315	
0.09669218728115728	0.09532977195485588	0.09401950608999503	0.09276190449012303	
0.09155745257070812	0.0904066062729876	0.08930979195917202	0.0882674062891467	
0.08727981607897774	0.0863473581417371	0.08547033911135836	0.08464903525040623	
0.08388369224285583	0.08317452497313128	0.08252171729285479	0.08192542177691327	
0.08138575947061767	0.08090281962988417	0.08047665945652134	0.08010730383083087	
0.07979474504386183	0.07953894253178717	0.07933982261494607	0.07919727824421043	
0.0791111687574043	0.07908131964855902	0.07910752235284661	0.07918953405006232	
0.07932707748954465	0.07951984083942203	0.07976747756307064	0.08006960632562095	
0.08042581093332384	0.08083564030850723	0.08129860850278967	0.08181419475111058	
0.08238184356903523	0.08300096489566355	0.08367093428432681	0.08439109314311091	
0.08516074902706378	0.08597917598377246	0.08684561495379202	0.08775927422721139	
0.08871932995741535	0.08972492673288081	0.09077517820761233	0.09186916779057032	
0.09300594939421161	0.09418454824199264	0.09540396173444417	0.09666316037315076	
0.09796108874172443	0.09929666654259192	0.1006687896881529	0.1020763314446303	
0.10351814362665941	0.10499305784043657	0.10649988677300432	0.10803742552501472	
0.10960445298411498	0.11119973323586138	0.11282201700890532	0.11447004315098543	
0.11614254013211597	0.11783822757119294	0.11955581778211752	0.12129401733540836	
0.1230515286311859	0.12482705147931938	0.12661928468247852	0.1284269276177782	
0.13024868181268912	0.13208325251088537	0.13392935022371566	0.13578569226302467	
0.13765100425111107	0.13952402160368305	0.14140349098177216	0.1432881717086855	
0.1451768371482012	0.14706827604037767	0.14896129379150153	0.15085471371489348	
0.15274737821948778	0.15463814994331038	0.15652591282920694	0.15840957314041595	
0.1602880604138105	0.16216032834890978	0.16402535563100096	0.16588214668699572	
0.16772973237290648	0.16956717059211035	0.17139354684383443	0.17320797470157923	
0.17500959622146514	0.17679758228076062	0.17857113284711112	0.18032947717924833	
0.18207187396021374	0.1837976113643726	0.18550600705972056	0.18719640814721317	
0.18886819103905916	0.19052076127810824	0.1921535533006498	0.1937660301451067	
0.19535768310925677	0.19692803135875517	0.19847662148984047	0.2000030270492194	
0.20150684801420293	0.20298771023623272	0.2044452648509916	0.20587918765831928	
0.20728917847517062	0.2086749604648517	0.21003627944575096	0.21137290318275004	
0.2126846206644419	0.21397124136923096	0.21523259452330085	0.21646852835334698	
0.21767890933687528	0.21886362145273847	0.22002256543447138	0.2211556580288451	
0.22226283126191534	0.22334403171470152	0.22439921981046776	0.225428369115425	
0.2264314656545113	0.22740850724373726	0.22835950284042586	0.22928447191250756	
0.2301834438278647	0.23105645726456675	0.23190355964266643	0.23272480657808947	
0.23352026135898646	0.23428999444478366	0.23503408298802891	0.23575261037900297	
0.23644566581294155	0.23711334387961128	0.2377557441748689	0.23837297093375054	
0.23896513268454497	0.2395323419232407	0.2400747148076642	0.24059237087058138	
0.24108543275098468	0.24155402594275552	0.24199827855987216	0.24241832111731107	
0.24281428632678836	0.24318630890648996	0.24353452540394482	0.24385907403122029	
0.24416009451163664	0.2444377279372315	0.24469211663624055	0.24492340404990023	
0.2451317346179254	0.24531725367206003	0.2454801073371532	0.24562044243926096	
0.24573840642033465	0.24583414725910233	0.2459078133978115	0.24595955367454983	
0.24598951726091284	0.24599785360483778	0.24598471237846842	0.2459502434309601	
0.2458945967461708	0.24581792240522543	0.24572037055396384	0.2456020913753182	
0.2454632350666797	0.24530395182233472	0.245124391821061	0.24492470521898163	
0.24470504214777225	0.244465552718317	0.2442063870298977	0.24392769518498436	
0.2436296273096822	0.24331233357986298	0.2429759642529849	0.24262066970557442	
0.24224660047630972	0.24185390731461257	0.24144274123461623	0.2410132535743369	
0.24056559605983888	0.2400999208741405	0.23961638073056937	0.23911512895023285	
0.2385963195432326	0.23806010729321525	0.2375066478448121	0.23693609779349217	
0.23634861477732078	0.23574435757008846	0.2351234861752543	0.2344861619201283	
0.23383254754970054	0.23316280731951897	0.23247710708701028	0.23177561440063682	
0.23105849858629152	0.230325930830338	0.2295780842587208	0.22881513401158873	
0.2280372573129018	0.2272446335345167	0.2264374442542837	0.22561587330772467	
0.2247801068329001	0.2239303333081245	0.22306674358223133	0.2221895308971428	
0.22129889090255322	0.22039502166258687	0.21947812365434938	0.21854839975834914	
0.21760605524081655	0.21665129772801558	0.21568433717268534	0.2147053858128159	
0.21371465812300605	0.21271237075870408	0.21169874249368287	0.21067399415113797	
0.20963834852884639	0.20859203031884993	0.20753526602216962	0.20646828385907606	
0.20539131367547017	0.20430458684593986	0.20320833617407574	0.2021027957906313	
0.20098820105011753	0.1998647884264157	0.19873279540798416	0.1975924603932182	
0.19644402258650562	0.19528772189549054	0.19412379883003655	0.19295249440333773	
0.19177405003559603	0.1905887074606369	0.18939670863579464	0.18819829565534776	
0.18699371066774048	0.1857831957967685	0.18456699306686167	0.18334534433253735	
0.18211849121204907	0.18088667502519834	0.1796501367352282	0.17840911689466488	
0.17716385559492487	0.17591459241945925	0.17466156640016164	0.1734050159767275	
0.17214517895861597	0.17088229248923015	0.1696165930119074	0.16834831623728497	
0.1670776971115888	0.16580496978538076	0.16453036758228926	0.16325412296724937	
0.16197646751377648	0.16069763186981154	0.15941784572168347	0.15813733775575903	
0.15685633561736886	0.15557506586663344	0.15429375393083924	0.1530126240530592	
0.15173189923674876	0.1504518011860973	0.14917255024196083	0.1478943653132524	
0.14661746380372265	0.14534206153411372	0.1440683726597286	0.14279660958351195	
0.14152698286479698	0.14025970112392594	0.1389949709430094	0.1377329967631393	
0.13647398077842499	0.1352181228272651	0.1339656202813177	0.1327166679326675	
0.131471457879732	0.1302301794124724	0.12899301889751297	0.12776015966378632	
0.1265317818893445	0.12530806248998552	0.1240891750103512	0.12287528951815149	
0.12166657250216471	0.1204631867746518	0.11926529137880346	0.11807304150181765	
0.11688658839417276	0.11570607929563041	0.1145316573684591	0.11336346163832915	
0.1122016269432772	0.11104628389108682	0.10989755882537813	0.10875557380063504	
0.10762044656634238	0.10649229056033548	0.10537121491140568	0.10425732445113393	
0.103150719734862	0.1020514970716406	0.10095974856293474	0.09987556214979589	
0.09879902166815514	0.09773020691182777	0.0966691937027681	0.09561605396805785	
0.09457085582306593	0.09353366366017245	0.09250453824241306	0.09148353680136517	
0.090470713138572	0.08946611772977661	0.08846979783122634	0.08748179758729534	
0.0865021581386728	0.08553091773036806	0.08456811181879112	0.08361377317718925	
0.08266793199873632	0.08173061599660583	0.08080185050038827	0.07988165854825748	
0.07897006097433162	0.07806707649072779	0.07717272176385799	0.07628701148457752	
0.0754099584318536	0.07454157352968625	0.07368186589708003	0.07283084289093215	
0.07198851014177016	0.07115487158234074	0.07032992946912078	0.06951368439688715	
0.06870613530654962	0.06790727948651377	0.0671171125679016	0.06633562851401811	
0.06556281960450211	0.06479867641465416	0.064043187790477	0.06329634082000406	
0.06255812080152964	0.061828511209379794	0.06110749365788935	0.060395047864264965	
0.05969115161102754	0.05899578070872902	0.058308908959639534	0.05763050812308823	
0.056960547883131304	0.05629899581919469	0.055645817380316195	0.05500097586357498	
0.05436443239726251	0.053736145929300934	0.0531160732213713	0.05250416884915893	
0.051900385209067854	0.05130467253169861	0.050716978902319076	0.050137250288496166	
0.04956543057499023	0.04900146160594628	0.048445283234350996	0.047896833378657126	
0.04735604808641055	0.04682286160465322	0.04629720645681043	0.04577901352571427	
0.04526821214235572	0.044764730179908986	0.044268494152519704	0.04377942931830805	
0.04329745978599599	0.04282250862453786	0.042354497975102566	0.041893349164735895	
0.04143898282101502	0.04099131898699749	0.04055027723576432	0.04011577678385913	
0.039687736602935425	0.03926607552893897	0.03885071236817406	0.038441565999629855	
0.03803855547297564	0.037641600101672404	0.037250619550690076	0.036865533918369456	
0.03648626381201635	0.036112730416873025	0.035744855558168864	0.03538256175601256	
0.0350257722729518	0.034674411154087884	0.03432840325970032	0.033987674290397486	
0.033652150804877726	0.03332176023044311	0.03299643086647582	0.03267609188114048	
0.03236067330163602	0.03205010599837279	0.03174432166349928	0.031443252784249524	
0.031146832611621735	0.03085499512493463	0.030567674992838786	0.03028480753138415	
0.030006328659764624	0.029732174854372965	0.029462283101806527	0.029196590851465202	
0.02893503596837698	0.028677556686876177	0.02842409156574103	0.028174579445375016	
0.027928959407587755	0.027687170738496913	0.02744915289503425	0.0272148454754964	
0.026984188194532258	0.026757120862909472	0.026533583372347066	0.026313515685645928	
0.026096857832288854	0.025883549909622498	0.02567353208967211	0.025466744631577883	
0.02526312789958153	0.025062622386430294	0.02486516874200695	0.02467070780693757	
0.0244791806508736	0.02429052861509448	0.024104693359027617	0.02392161691024035	
0.02374124171741774	0.023563510705805764	0.023388367334570677	0.02321575565550001	
0.0230456203724535	0.022877906900958776	0.02271256142734074	0.022549530966772452	
0.022388763419641335	0.022230207625635913	0.022073813414975465	0.021919531656228543	
0.02176731430019458	0.02161711441935735	0.02146888624245734	0.021322585183773616	
0.021178167866754378	0.02103559214168503	0.020894817097139085	0.020755803065012988	
0.020618511619006474	0.020482905566470963	0.020348948933610098	0.020216606944080062	
0.02008584599109905	0.019956633603237458	0.019828938404120332	0.01970273006633268	
0.019577979259873465	0.019454657595557912	0.019332737563816958	0.019212192469387948	
0.019092996362432	0.01897512396664975	0.01885855060499821	0.018743252123636724	
0.018629204814750243	0.018516385338911843	0.01840477064765376	0.018294337906918697	
0.0181850644220571	0.01807692756502684	0.017969904704433253	0.017863973139025522	
0.017759110035236347	0.017655292369317264	0.01755249687458318	0.017450699994234643	
0.01734987784017794	0.01725000615821048	0.017151060299881827	0.017053015201282464	
0.01695584536894913	0.01685952487301309	0.016764027347652057	0.016669325998840044	
0.016575393619324797	0.016482202610695853	0.016389725012342402	0.016297932537037662	
0.01620679661282571	0.016116288430829424	0.016026378998544224	0.015937039198131615	
0.015848239849181406	0.015759951775369214	0.015672145874401792	0.015584793190610192	
0.015497864989528133	0.01541133283377339	0.01532516865953794	0.015239344852986834	
0.01515383432586648	0.015068610589629076	0.014983647827394607	0.014898920963089821	
0.014814405727130508	0.01473007871804418	0.014645917459467054	0.014561900451992425	
0.01447800721939346	0.014394218348795743	0.014310515524430023	0.014226881554653866	
0.014143300391994204	0.014059757146024561	0.013976238088958386	0.013892730653905656	
0.013809223425807393	0.013725706125130245	0.013642169584468794	0.013558605718269471	
0.013475007485951285	0.013391368848760762	0.013307684720753866	0.013223950914352517	
0.013140164080971791	0.013056321647259086	0.012972421747525152	0.01288846315298209	
0.012804445198430386	0.012720367707060419	0.012636230914048467	0.012552035389637778	
0.012467781962397435	0.012383471643348166	0.012299105551634187	0.012214684842403092	
0.012130210637532906	0.012045683959816452	0.011961105671177565	0.01187647641545375	
0.011791796566233899	0.01170706618018909	0.011622284956280152	0.011537452201167022	
0.011452566801083126	0.011367627200374169	0.011282631386834135	0.01119757688390337	
0.01111246074972602	0.011027279582994478	0.010942029535441511	0.010856706330773291	
0.01077130528977189	0.010685821361233342	0.010600249158348075	0.01051458300007445	
0.010428816957005175	0.01034294490117906	0.010256960559249248	0.010170857568383176	
0.010084629534238871	0.009998270090339517	0.009911772958149774	0.009825132007148294	
0.009738341314185783	0.009651395221423139	0.009564288392152953	0.009477015863826143	
0.00938957309762909	0.009301956023987354	0.009214161083409533	0.009126185262127422	
0.009038026122037874	0.00894968182450571	0.008861151147646093	0.00877243349676751	
0.008683528907724116	0.008594438042995384	0.008505162180384144	0.008415703194298301	
0.008326063529656366	0.008236246168533853	0.008146254589742406	0.008056092721608362	
0.007965764888291283	0.007875275750051995	0.007784630237949359	0.007693833483506923	
0.007602890743952279	0.0075118073236843785	0.0074205884926759795	0.007329239402559153	
0.007237765001180441	0.007146169946441598	0.007054458520263772	0.006962634543529608	
0.006870701292861937	0.0067786614200978	0.0066865168753028545	0.006594268834150101	
0.006501917630449435	0.006409462694565439	0.0063169024983878	0.006224234507420853	
0.0061314551404230535	0.006038559736835441	0.005945542531975374	0.005852396639595943	
0.005759114040887851	0.0056656855782655545	0.005572100951254868	0.0054783487103972975	
0.005384416243180746	0.0052902897434790605	0.005195954152684864	0.005101393056540788	
0.0050065885165096165	0.004911520808381879	0.004816168033815029	0.004720505562964881	
0.00462450525892522	0.004528134428314605	0.004431354438487906	0.0043341189424361635	
0.0042363716599313735	0.004138043680742324	0.00403905028592295	0.003939287329268762	
0.003838627285492812	0.003736915155674265	0.0036339645232301753	0.0035295541713305095	
0.003423425797887299	0.003315283485316563	0.0032047956830336035	0.0030916005208958012	
0.002975315268537881	0.002855550665029968	0.002731930644214689	0.0026041176583348705	
0.002471843351596861	0.0023349437662587135	0.0021933976049785453	0.0020473653726658316	
0.0018972265464136822	0.0017436113563781205	0.001587423395542817	0.0014298492026766502	
0.0012723512571734088	0.0011166415363838098	0.0009646339251706578	0.0008183752939074914	
0.0006799568810149516	0.0005514095834350822	0.00043458868508906867	0.00033105522654053657	
0.00024196242487660232	0.00016795610335534696	0.00010909785109248997	6.481854594151141e-05	
3.390797265352085e-05	1.4543683614712275e-05	4.359199305506533e-06	5.484158801141377e-07	
0.0	
                Type                   L                   N
                   0                   1                   0
0.0	0.004106547398021182	0.008211273261380684	0.012312360873177287	
0.0164080031264834	0.020496407265640976	0.024575799551624297	0.028644429826980525	
0.03270057595655551	0.03674254812107205	0.04076869294164453	0.044777397414480224	
0.04876709263632168	0.052736257302620236	0.05668342096198267	0.06060716701209219	
0.06450613542405563	0.0683790251839598	0.07222459644231538	0.07604167236401171	
0.07982914067338812	0.08358595489102678	0.08731113526087787	0.0910037693683225	
0.094663012451747	0.0982880874121315	0.10187828452702609	0.10543296087709499	
0.10895153949512834	0.1124335082490498	0.11587841847196988	0.11928588335373633	
0.12265557610971495	0.1259872279436737	0.12928062582264507	0.13253561008249448	
0.13575207188362146	0.13892995053676208	0.14206923071924613	0.1451699396022871	
0.1482321439099452	0.15125594693031422	0.15424148549923353	0.15718892697643164	
0.16009846623346308	0.16297032267212339	0.1658047372912169	0.16860196981861947	
0.17136229592453728	0.17408600453071774	0.17677339522913568	0.17942477582236552	
0.18204045999647278	0.184620765135828	0.187166010287777	0.18967651428360083	
0.1921525940206957	0.19459456290938623	0.1970027294862932	0.19937739619470413	
0.20171885833096231	0.20402740315450893	0.20630330915788808	0.20854684549177976	
0.21075827153895274	0.21293783662995783	0.2150857798923944	0.2172023302247222	
0.2192877063848134	0.22134211718280464	0.22336576176727835	0.22535882999339477	
0.22732150286132202	0.22925395301314752	0.23115634527642376	0.23302883724258655	
0.23487157986868457	0.2366847180911806	0.23846839144100596	0.24022273464957505	
0.24194787823609193	0.24364394906718487	0.24531107088068982	0.2469493647662624	
0.2485589495964089	0.2501399424024843	0.2516924586912191	0.2532166126983455	
0.2547125175769593	0.25618028551927996	0.25762002781153936	0.25903185482273583	
0.2604158759290067	0.261772199376328	0.26310093208516894	0.26440217940159544	
0.2656760448001066	0.26692262954422213	0.2681420323114797	0.2693343487900709	
0.2704996712548068	0.27163808813049556	0.27274968355108237	0.273834536923093	
0.27489272250199404	0.27592430899007087	0.2769293591642873	0.277907929542387	
0.2788600700951664	0.27978582401244145	0.2806852275297381	0.2815583098221488	
0.28240509297114097	0.283225592009386	0.28401981504787344	0.2847877634887489	
0.28552943232641337	0.2862448105385163	0.28693388156750277	0.28759662389243235	
0.28823301168979876	0.28884301558111974	0.28942660346409776	0.2899837414232349	
0.290514394714864	0.2910185288207074	0.29149611056326086	0.29194710927554157	
0.2923714980170499	0.2927692548271828	0.2931403640067898	0.29348481741811316	
0.2938026157929846	0.29409377003887777	0.29435830253223627	0.29459624838841525	
0.2948076566975921	0.2949925917161187	0.29515113400299464	0.29528338149145605	
0.2953894504860758	0.2954694765762587	0.29552361545759626	0.2955520436532041	
0.29555495912789204	0.2955325817888227	0.29548515386717	0.2954129401762016	
0.2953162282421738	0.29519532830540757	0.2950505731899476	0.2948823180412335	
0.29469093993226475	0.29447683733977986	0.29424042949300844	0.2939821555985648	
0.29370247394603965	0.2934018608997923	0.2930808097833427	0.29273982966361994	
0.2923794440430928	0.29200018946854245	0.29160261406586224	0.2911872760108464	
0.2907547419463921	0.29030558535693857	0.2898403849112559	0.28935972278489913	
0.2888641829737483	0.288354349610065	0.28783080529240995	0.2872941294405778	
0.2867448966864433	0.28618367531123173	0.2856110257392953	0.285027499097926	
0.2844336358521397	0.28382996452268233	0.2832170004947644	0.2825952449242312	
0.2819651837470239	0.2813272867968953	0.2806820070354201	0.2800297798973836	
0.2793710227536683	0.2787061344927871	0.2780354952212263	0.2773594660818098	
0.27667838918834065	0.27599258767386226	0.2753023658489911	0.2746080094659365	
0.2739097860830217	0.2732079455237914	0.2725027204241048	0.27179432686001787	
0.2710829650487099	0.2703688201142602	0.2696520629096942	0.268932850886426	
0.26821132900200734	0.2674876306569691	0.2667618786514924	0.266034186152698	
0.2653046576634556	0.26457338998383684	0.2638404731566037	0.26310599138849894	
0.2623700239395247	0.2616326459728983	0.26089392935892414	0.26015394342663845	
0.25941275565773225	0.25867043231796716	0.25792703902202047	0.2571826412284677	
0.2564373046623765	0.25569109566378634	0.2549440814611334	0.25419633036947403	
0.253447911914136	0.2526988968811876	0.2519493572968392	0.25119936633860696	
0.2504489981817112	0.24969832778481146	0.248947430619738	0.24819638235039027	
0.24744525846642526	0.24669413387773906	0.245943082476072	0.24519217667031085	
0.24444148690224773	0.24369108114965987	0.24294102442361376	0.24219137826685894	
0.24144220026007662	0.24069354354257003	0.23994545635374687	0.23919798160144193	
0.23845115646276363	0.23770501202273675	0.23695957295554146	0.2362148572526428	
0.23547087600154676	0.23472763321834428	0.2339851257365816	0.23324334315437173	
0.2325022678410114	0.2317618750037126	0.2310221328144043	0.23028300259591003	
0.2295444390661701	0.22880639063855707	0.22806879977574232	0.22733160339400513	
0.22659473331435265	0.22585811675632783	0.22512167686994944	0.22438533330083194	
0.22364900278319907	0.22291259975522618	0.2221760369909238	0.22143922624261386	
0.2207020788879567	0.21996450657544478	0.21922642186231384	0.21848773883890604	
0.21774837373367223	0.21700824549321063	0.21626727633200013	0.21552539224681172	
0.21478252349114257	0.2140386050054384	0.2132935767993204	0.21254738428252756	
0.21179997854180818	0.2110513165615439	0.21030136138645833	0.20955008222534705	
0.20879745449535822	0.20804345980694708	0.2072880858902163	0.2065313264639437	
0.20577318104915046	0.2050136547296236	0.2042527578623131	0.2034905057410162	
0.20272691821720984	0.20196201928230553	0.20119583661595877	0.2004284011053908	
0.19965974634094044	0.19888990809327772	0.19811892377786933	0.19734683191238328	
0.19657367157276645	0.19579948185370935	0.19502430133914322	0.19424816758828495	
0.1934711166425586	0.19269318255849177	0.19191439697139145	0.19113478869427528	
0.19035438335615398	0.18957320308334427	0.18879126622703826	0.18800858713987464	
0.18722517600374505	0.1864410387105397	0.18565617679699692	0.18487058743425883	
0.18408426347218415	0.1832971935379097	0.18250936218760183	0.18172075010980276	
0.18093133437825948	0.1801410887516225	0.17934998401693727	0.17855798837341438	
0.1777650678525617	0.17697118677041032	0.17617630820724178	0.1753803945099656	
0.17458340781207038	0.17378531056590873	0.172986066081959	0.1721856390696503	
0.17138399617432665	0.17058110650497718	0.16977694214745892	0.16897147865809328	
0.16816469553272057	0.16735657664654877	0.16654711066043254	0.1657362913895572	
0.16492411813088156	0.1641105959461085	0.16329573589739793	0.16247955523350643	
0.16166207752453138	0.16084333274394683	0.16002335729713985	0.15920219399617913	
0.15837989198108024	0.15755650658835219	0.15673209916812172	0.15590673685163667	
0.15508049227142315	0.1542534432368285	0.1534256723681124	0.1525972666926347	
0.1517683172070524	0.15093891840975301	0.1501091678080249	0.14927916540469374	
0.14844901316913928	0.14761881449772965	0.14678867366880383	0.1459586952973488	
0.1451289837945106	0.14429964283699764	0.1434707748513159	0.1426424805176076	
0.141814858297645	0.14098800399127304	0.1401620103252901	0.13933696657841782	
0.13851295824563312	0.13769006674473167	0.13686836916755768	0.13604793807787868	
0.1352288413574148	0.13441114210104044	0.1335948985616875	0.13278016414497712	
0.13196698745311913	0.1311554123771192	0.13034547823586756	0.12953721996021678	
0.12873066831971558	0.12792585018925795	0.12712278885251224	0.1263215043386518	
0.1255220137885861	0.12472433184661823	0.1239284710732213	0.12313444237442937	
0.12234225544320494	0.12155191920803532	0.12076344228397266	0.11997683342132137	
0.119192101947232	0.11840925819554843	0.11762831392040198	0.11684928268922608	
0.11607218025109968	0.11529702487659006	0.114523837665577	0.11375264281987786	
0.11298346787786527	0.11221634390866707	0.11145130566395933	0.11068839168580255	
0.10992764436942369	0.1091691099803127	0.10841283862546543	0.1076588841790769	
0.1069073041634491	0.1061581595863329	0.10541151473636404	0.10466743693867372	
0.10392599627315546	0.10318726525824189	0.10245131850339063	0.1017182323337859	
0.10098808439103957	0.1002609532139054	0.09953691780322098	0.0988160571754351	
0.09809844990919071	0.09738417368949005	0.09667330485398756	0.09596591794592287	
0.09526208527813135	0.09456187651244936	0.0938653582586672	0.09317259369697858	
0.0924836422276311	0.0917985591511999	0.09111739538259574	0.09044019720156994	
0.08976700604211002	0.08909785832272211	0.0884327853191855	0.08777181308093313	
0.08711496239177449	0.08646224877522996	0.0858136825443026	0.08516926889506463	
0.08452900804300358	0.08389289540064589	0.08326092179456768	0.08263307371951442	
0.08200933362698586	0.08138968024530516	0.08077408892788566	0.08016253202613635	
0.07955497928320994	0.07895139824460179	0.07835175468145088	0.07775601302227916	
0.0771641367888368	0.07657608903169026	0.07599183276120955	0.07541133136967083	
0.07483454904029342	0.0742614511391764	0.07369200458628464	0.07312617820185932	
0.07256394302488713	0.07200527260055607	0.07145014323394835	0.070898534207573	
0.07035042796071365	0.06980581022895976	0.06926467014270025	0.06872700028377646	
0.06819279669992193	0.06766205887704226	0.06713478966982316	0.06661099519157	
0.06609068466460281	0.06557387023292319	0.06506056673925303	0.06455079146890196	
0.06404456386325363	0.06354190520596503	0.06304283828524405	0.0625473870358076	
0.06205557616432549	0.06156743076231293	0.06108297591055946	0.06060223627925823	
0.06012523572803986	0.059651996910107426	0.05918254088462285	0.058716886741403795	
0.05825505124186098	0.05779704847993442	0.05734288956657924	0.056892582341108756	
0.05644613111242411	0.05600353643285499	0.05556479490699893	0.05512989903759162	
0.05469883711005925	0.054271593117013864	0.05384814672354128	0.05342847327372115	
0.05301254383839546	0.052600325303788054	0.052191780500159726	0.05178686836928123	
0.05138554416911177	0.050987759713696505	0.05059346364594025	0.050202601740582914	
0.049815117234398555	0.04943095118036631	0.04905004282232024	0.04867232998637941	
0.048297749485293445	0.04792623753170737	0.047557730156264105	0.04719216362641359	
0.04682947486179285	0.04646960184207827	0.046112484003287636	0.04575806261862718	
0.045406281160138624	0.04505708563759147	0.044710424911300575	0.04436625097581014	
0.04402451921167942	0.04368518860292858	0.04334822191804763	0.04301358585283981	
0.04268125113375368	0.04235119258075555	0.04202338912920128	0.04169782381057729	
0.0413744836923935	0.0410533597779206	0.04073444686686572	0.04041774337847298	
0.04010325113890874	0.039790975135150584	0.03948092323793096	0.03917310589659697	
0.03886753580902435	0.038564227569974005	0.03826319730148987	0.03796446226911628	
0.03766804048784945	0.03737395032183922	0.037082210081913446	0.036792837625017234	
0.036505849959635	0.036221262861198394	0.03593909050137948	0.03565934509502377	
0.035382036568297054	0.035107172251402065	0.034834756598969306	0.034564790940946236	
0.034297273266495044	0.034032198043078124	0.0337695560725483	0.033509334385688844	
0.03325151617625697	0.0329960807751838	0.03274300366517848	0.032492256535573166	
0.03224380737684045	0.031997620613811416	0.031753657276232805	0.03151187520492336	
0.03127222929142945	0.03103467174874208	0.030799152410323338	0.030565619054403595	
0.03033401775025646	0.03010429322293632	0.029876389232775667	0.029650248965791777	
0.029425815431040944	0.029203031860889198	0.028981842110138087	0.028762191049955633	
0.028544024952616032	0.02832729186314268	0.02811194195408325	0.02789792785981385	
0.027685204986977678	0.027473731797904022	0.027263470064125973	0.027054385087418233	
0.026846445886103985	0.02663962534473177	0.02643390032559261	0.026229251740935024	
0.02602566458513227	0.025823127926462526	0.025621634858571263	0.025421182412094276	
0.025221771427323205	0.02502340638919184	0.024826095226243745	0.024629849075607408	
0.02443468201635286	0.024240610773924105	0.02404765439863907	0.023855833921512967	
0.023665171990893383	0.023475692493595785	0.02328742016438488	0.023100380187773568	
0.022914597796189526	0.022730097868603652	0.02254690453371291	0.022365040781729177	
0.02218452808874357	0.022005386057513527	0.02182763207835667	0.021651281013640368	
0.02147634490911613	0.021302832735086225	0.02113075016008733	0.020960099359452908	
0.020790878860765593	0.020623083427839188	0.020456703984483727	0.0202917275789043	
0.02012813738917428	0.019965912769808882	0.019805029339046744	0.01964545910603547	
0.019487170636709628	0.01933012925675554	0.01917429728967834	0.019019634327625403	
0.018866097532284836	0.01871364196286505	0.018562220927881304	0.018411786357225284	
0.01826228919078018	0.018113679779665777	0.017965908296061144	0.01781892514745368	
0.017672681391108586	0.017527129144536514	0.017382221987768537	0.017237915353315664	
0.017094166899803417	0.01695093686542488	0.016808188397546962	0.01666588785503414	
0.016524005080118566	0.016382513636941504	0.016241391014218547	0.016100618789833546	
0.01596018275554259	0.015820073000364934	0.015680283951647996	0.015540814373217613	
0.015401667320451803	0.015262850052551775	0.015124373902712346	0.014986254107321875	
0.014848509595736147	0.014711162742572736	0.014574239084856234	0.014437767006706454	
0.014301777394596763	0.014166303266518718	0.014031379378661888	0.013897041813459167	
0.013763327553049674	0.013630274042373783	0.013497918746237268	0.013366298704758608	
0.01323545009165024	0.013105407779774435	0.012976204918360941	0.012847872526177615	
0.012720439104803787	0.012593930275975138	0.012468368446746318	0.012343772505957173	
0.012220157555193518	0.01209753467710316	0.011975910743571109	0.011855288265871351	
0.011735665288506272	0.011617035328017887	0.011499387357614093	0.011382705838002395	
0.011266970794365687	0.011152157938956238	0.011038238838328395	0.010925181123781947	
0.010812948743151923	0.01070150225166061	0.010590799139147088	0.010480794190615504	
0.010371439876694656	0.010262686770287148	0.01015448398540509	0.010046779633946564	
0.00993952129596497	0.009832656498822515	0.009726133200504108	0.009619900272297274	
0.009513907976018997	0.009408108430995307	0.009302456066066635	0.00919690805201072	
0.009091424709934624	0.008985969891393941	0.008880511326245873	0.00877502093452975	
0.008669475098996265	0.008563854895265295	0.00845814627698473	0.008352340213782474	
0.00824643278024566	0.008140425194624937	0.008034323806439017	0.007928140032643992	
0.007821890242525349	0.007715595591969979	0.007609281808264118	0.007502978927052557	
0.007396720983563832	0.00729054566066221	0.00718449389672101	0.007078609456718789	
0.0069729384703379315	0.006867528941188768	0.006762430231589828	0.00665769252760054	
0.006553366289226126	0.006449501690891363	0.0063461480574086414	0.006243353300741674	
0.006141163362891334	0.006039621670194101	0.0059387686042286095	0.005838640994361708	
0.005739271636724557	0.0056406888440772435	0.005542916030580118	0.005445971334911212	
0.0053498672844154395	0.005254610501988819	0.005160201456125724	0.005066634252893101	
0.0049738964664500914	0.004881969001969022	0.0047908259813130944	0.0047004346374559915	
0.004610755198294977	0.004521740734179077	0.00443333693623327	0.004345481784674161	
0.004258105058307822	0.004171127629150989	0.00408446048092974	0.003998003388892264	
0.003911643203257169	0.003825251692524041	0.003738682928943027	0.0036517702398732852	
0.003564322808348905	0.0034761220856821652	0.003386918278328301	0.0032964272877891738	
0.003204328609736688	0.0031102648261765605	0.0030138434370214923	0.0029146418550384033	
0.00281221640732118	0.002706116122108902	0.0025959019080513666	0.0024811714352211897	
0.002361589594259232	0.0022369238473747975	0.002107083116341717	0.0019721581231246614	
0.0018324603747775286	0.001688556350829657	0.0015412930057117533	0.001391810540108801	
0.0012415386116615028	0.00109217280956307	0.0009456293314167941	0.0008039773441668308	
0.0006693503949944338	0.0005438403152859012	0.000429379134128747	0.00032761635851146626	
0.00023980035016572536	0.0001666732218973055	0.00010838853170521978	6.44599948272909e-05	
3.3747486207409465e-05	1.4483899953692026e-05	4.343198905328389e-06	5.465348404283504e-07	
-0.0	
                Type                   L                   N
                   0                   1                   1
0.0	-0.007420835602131844	-0.014842689280925556	-0.022266570534666505	
-0.029693471733823477	-0.03712435962940753	-0.04456016694784295	-0.05200178410084151	
-0.05945005103847119	-0.06690574927324132	-0.07436959410257475	-0.08184222705651625	
-0.08932420859692836	-0.09681601109374928	-0.10431801210313849	-0.11183048797150838	
-0.11935360778853771	-0.12688742771128442	-0.13443188568046263	-0.1419867965488171	
-0.14955184764032908	-0.15712659475771107	-0.16471045865429773	-0.17230272198503074	
-0.1799025267497412	-0.1875088722403925	-0.19512061350232798	-0.2027364603179024	
-0.21035497671914058	-0.21797458103430378	-0.22559354647140376	-0.23321000223985397	
-0.24082193520953538	-0.24842719210463274	-0.25602348222763843	-0.26360838070695297	
-0.27117933225953206	-0.27873365545805695	-0.2862685474901203	-0.2937810893949769	
-0.3012682517614701	-0.3087269008688419	-0.3161538052502875	-0.3235456426573058	
-0.33089900740114997	-0.33821041804601837	-0.34547632542702816	-0.3526931209645062	
-0.35985714524473733	-0.3669646968360028	-0.37401204130756116	-0.3809954204181717	
-0.38791106143982323	-0.39475518658155695	-0.4015240224776126	-0.40821380970365323	
-0.4148208122844864	-0.4213413271565121	-0.427771693548149	-0.43410830224162505	
-0.4403476046798702	-0.44648612188273823	-0.4525204531374709	-0.4584472844291541	
-0.4642633965779357	-0.4699656730509496	-0.47555110741824463	-0.4810168104234981	
-0.4863600166419608	-0.4915780906998711	-0.49666853303149927	-0.5016289851520559	
-0.5064572344268642	-0.51115121831949	-0.5157090281038976	-0.520128912028167	
-0.5244092779198506	-0.5285486952256312	-0.5325458964805969	-0.5363997782051065	
-0.540109401229913	-0.5436739904528917	-0.5470929340334075	-0.550365782032981	
-0.5534922445135291	-0.556472189106992	-0.5593056380726271	-0.5619927648606375	
-0.5645338902030771	-0.566929477755152	-0.5691801293120664	-0.571286579628476	
-0.573249690869357	-0.5750704467226928	-0.5767499462058154	-0.5782893971984648	
-0.5796901097367182	-0.5809534891027912	-0.5820810287464104	-0.5830743030739174	
-0.5839349601415564	-0.5846647142894664	-0.5852653387527736	-0.5857386582858473	
-0.5860865418352705	-0.5863108952963355	-0.586413654386984	-0.586396777672012	
-0.5862622397690826	-0.5860120247666784	-0.5856481198825019	-0.5851725093891255	
-0.5845871688317916	-0.5838940595612856	-0.5830951236026792	-0.5821922788785603	
-0.58118741480305	-0.5800823882605869	-0.5788790199810173	-0.5775790913201206	
-0.5761843414522012	-0.5746964649789316	-0.5731171099561567	-0.5714478763379172	
-0.5696903148345821	-0.5678459261795983	-0.5659161607971055	-0.5639024188604598	
-0.5618060507296098	-0.5596283577532595	-0.5573705934198824	-0.5550339648398898	
-0.5526196345396424	-0.5501287225465247	-0.5475623087429754	-0.5449214354662208	
-0.5422071103294513	-0.539420309239357	-0.5365619795842949	-0.5336330435668492	
-0.530634401654275	-0.5275669361201413	-0.5244315146505417	-0.521228993988441	
-0.5179602235900802	-0.5146260492678918	-0.5112273167950455	-0.5077648754475661	
-0.5042395814609131	-0.5006523013790076	-0.4970039152748744	-0.49329531982339153	
-0.489527431208038	-0.4857011878450295	-0.48181755290978273	-0.4778775166523041	
-0.47388209848974794	-0.4698323488661331	-0.4657293508709326	-0.4615742216100074	
-0.4573681133241243	-0.45311221425202775	-0.44880774923676825	-0.4444559800756785	
-0.4400582056160219	-0.4356157615999473	-0.4311300202638892	-0.4266023896990114	
-0.42203431298066924	-0.4174272670761347	-0.4127827615410145	-0.40810233701588794	
-0.40338756353564736	-0.39864003866490794	-0.39386138547359295	-0.38905325036744703	
-0.3842173007887397	-0.3793552228028294	-0.3744687185865368	-0.3695595038344482	
-0.3646293050993201	-0.35967985708270256	-0.3547128998917242	-0.34973017627773234	
-0.34473342887209724	-0.33972439743403926	-0.3347048161247983	-0.3296764108218331	
-0.32464089648604466	-0.3195999745942589	-0.3145553306483807	-0.30950863177177185	
-0.30446152440248164	-0.29941563209203237	-0.29437255341748686	-0.28933386001353134	
-0.28430109473033693	-0.2792757699219424	-0.2742593658689275	-0.2692533293381712	
-0.26425907228152695	-0.25927797067432024	-0.2543113634936986	-0.24936055183597133	
-0.24442679817130863	-0.23951132573336492	-0.23461531804071578	-0.22973991854631648	
-0.22488623041060876	-0.22005531639336123	-0.21524819885885554	-0.21046585988862682	
-0.20570924149561398	-0.2009792459332976	-0.19627673609319063	-0.19160253598388224	
-0.18695743128475115	-0.18234216996741393	-0.17775746297801318	-0.17320398497350628	
-0.1686823751052433	-0.1641932378432954	-0.15973714383520055	-0.1553146307930445	
-0.15092620440307308	-0.14657233925235563	-0.14225347976733704	-0.13797004115949346	
-0.13372241037366164	-0.1295109470350089	-0.12533598439099125	-0.12119783024505154	
-0.11709676787918502	-0.11303305696290353	-0.10900693444649337	-0.10501861543683112	
-0.1010682940543673	-0.09715614427022401	-0.09328232072264969	-0.08944695951237104	
-0.08565017897663384	-0.08189208044196292	-0.07817274895587503	-0.07449225399795413	
-0.07085065017085582	-0.06724797787191195	-0.06368426394611844	-0.06015952232133265	
-0.0566737546265605	-0.05322695079421151	-0.04981908964719913	-0.046450139471718235	
-0.0431200585764826	-0.03982879583912719	-0.03657629124039681	-0.03336247638662676	
-0.03018727502092324	-0.02705060352330859	-0.02395237139998654	-0.020892481761735204	
-0.017870831791306503	-0.014887313199586175	-0.011941812670122988	-0.009034212291536284	
-0.006164389977177427	-0.003332219871330886	-0.0005375727411439617	0.00221968364660131	
0.004939684164820767	0.007622565982562323	0.010268468239560425	0.01287753173994489	
0.015449898666131305	0.017985712313884954	0.02048511684952073	0.022948257090121958	
0.02537527830759574	0.027766326057272715	0.03012154603166013	0.03244108393981304	
0.03472508541266969	0.03697369593452332	0.039187060800659264	0.04136532510100767	
0.04350863372948686	0.04561713141853947	0.0476909627981749	0.04973027247865658	
0.05173520515578881	0.053705905737590626	0.05564251949096819	0.05754519220684528	
0.0594140703820592	0.06124930141619257	0.06305103382139202	0.0648194174431106	
0.0665546036896311	0.06825674576814264	0.06992599892509677	0.07156252068853514	
0.07316647111006082	0.07473801300414022	0.07627731218244216	0.07778453768097557	
0.07925986197785014	0.08070346119957543	0.08211551531392071	0.08349620830748285	
0.0848457283462517	0.08616426791762048	0.08745202395246232	0.08870919792607623	
0.08993599593700356	0.0911326287629208	0.09229931189302291	0.09343626553653125	
0.09454371460717907	0.0956218886837431	0.09667102194691435	0.09769135309301186	
0.09868312522525183	0.0996465857234905	0.10058198609354346	0.10148958179737247	
0.10236963206559062	0.1032223996938937	0.10404815082515699	0.10484715471906	
0.10561968351119479	0.10636601196369941	0.10708641720951179	0.10778117849238311	
0.10845057690480178	0.10909489512597965	0.10971441716202493	0.11030942809038058	
0.1108802138105408	0.11142706080297275	0.11195025589806822	0.11245008605682463	
0.1129268381648204	0.11338079884089543	0.1138122542617847	0.11422149000376998	
0.11460879090223579	0.11497444092981787	0.11531872309362938	0.11564191935185575	
0.11594431054979493	0.11622617637522009	0.11648779533274235	0.11672944473664798	
0.11695140072149864	0.11715393826960184	0.11733733125428403	0.11750185249773958	
0.11764777384208941	0.11777536623213881	0.11788489980822701	0.11797664400744508	
0.11805086767143569	0.11810783915891888	0.11814782646104965	0.1181710973176952	
0.11817791933271658	0.11816856008635951	0.1181432872428995	0.11810236865174399	
0.11804607244027045	0.11797466709677618	0.11788842154202549	0.11778760518800555	
0.11767248798264768	0.11754334043941879	0.11740043365085681	0.11724403928529521	
0.11707442956620809	0.11689187723378552	0.11669665548855047	0.11648903791701502	
0.11626929839956592	0.11603771100096594	0.11579454984403544	0.11554008896726714	
0.11527460216729461	0.11499836282729929	0.1147116437325965	0.11441471687477205	
0.1141078532458776	0.1137913226242918	0.11346539335395671	0.11313033211876926	
0.11278640371397024	0.11243387081640897	0.1120729937555875	0.11170403028738256	
0.11132723537233692	0.11094286096036213	0.11055115578365156	0.11015236515952259	
0.10974673080482011	0.10933449066340598	0.1089158787481384	0.10849112499860995	
0.10806045515576505	0.10762409065435956	0.10718224853405653	0.10673514136977669	
0.10628297722174052	0.10582595960545267	0.10536428748169298	0.10489815526638767	
0.10442775286004852	0.10395326569628567	0.10347487480871972	0.1029927569154471	
0.10250708452005308	0.10201802602801067	0.10152574587716592	0.10103040468088088	
0.10053215938229419	0.10003116341805893	0.09952756688983946	0.09902151674178207	
0.09851315694212977	0.09800262866712223	0.09749007048531282	0.09697561854044355	
0.09645940673104611	0.09594156688497957	0.09542222892718351	0.09490152103899901	
0.09437956980750935	0.09385650036346097	0.09333243650645123	0.09280750081620548	
0.09228181474891531	0.09175549871776684	0.09122867215695657	0.09070145356866252	
0.09017396055261839	0.08964630981811726	0.08911861717845454	0.08859099752800104	
0.08806356480227472	0.08753643192155572	0.08700971071875761	0.08648351185242907	
0.08595794470591249	0.08543311727382695	0.08490913603717438	0.08438610582848119	
0.0838641296884937	0.08334330871602891	0.08282374191265306	0.08230552602391882	
0.081788755378921	0.08127352172995812	0.08075991409407926	0.08024801859828964	
0.07973791833014383	0.07922969319541472	0.07872341978444858	0.07821917124874395	
0.07771701718918365	0.07721702355724509	0.07671925257038309	0.07622376264264628	
0.07573060833144026	0.07523984030119453	0.07475150530452856	0.07426564618134346	
0.07378230187609376	0.0733015074733213	0.07282329425135459	0.07234768975390839	
0.07187471787914525	0.0714043989855952	0.07093675001417163	0.07047178462536724	
0.07000951335057713	0.06954994375635577	0.06909308062030536	0.06863892611717509	
0.06818748001367018	0.0677387398703798	0.0672927012491821	0.06684935792442857	
0.06640870209618947	0.06597072460382258	0.06553541513813639	0.06510276245043807	
0.06467275455679315	0.06424537893588131	0.0638206227188974	0.06339847287003253	
0.06297891635616981	0.06256194030453623	0.062147532147177435	0.06173567975125351	
0.0613263715342957	0.060919596563715324	0.06051534464000898	0.06011360636326734	
0.05971437318275571	0.05931763742950231	0.05892339233199095	0.05853163201522142	
0.05814235148355591	0.057755546587929335	0.057371213978142675	0.05698935104110361	
0.05660995582600653	0.056233026957563666	0.055858563538508405	0.05548656504268673	
0.055117031200134114	0.05474996187560284	0.05438535694205842	0.05402321615069822	
0.05366353899906905	0.05330632459886457	0.05295157154497321	0.05259927778732163	
0.052249440507015306	0.051902055998224006	0.05155711955718686	0.051214625379628384	
0.05087456646778049	0.050536934548094437	0.05020172000061193	0.04986891180083153	
0.04953849747477393	0.049210463067804855	0.04888479312762763	0.04856147070170536	
0.04824047734921896	0.04792179316751445	0.047605396832838376	0.047291265655011495	
0.046979375645541895	0.046669701598542314	0.046362217183676065	0.04605689505023811	
0.045753706941353695	0.04545262381717817	0.04515361598588232	0.04485665324113076	
0.044561705004688694	0.04426874047274186	0.043977728764472646	0.04368863907141163	
0.04340144080607473	0.04311610374840087	0.04283259818852525	0.042550895064461663	
0.04227096609331306	0.04199278389469711	0.04171632210514866	0.04144155548235093	
0.0411684599981492	0.040897012919410905	0.040627192875919226	0.04035897991461419	
0.040092355539633924	0.039827302737746775	0.039563805988915915	0.039301851261880155	
0.03904142599479057	0.0387825190610855	0.03852512072093979	0.03826922255876251	
0.038014817407362476	0.03776189925952851	0.03751046316790245	0.0372605051341359	
0.03701202198843237	0.03676501126067146	0.03651947104439691	0.03627539985502233	
0.0360327964836683	0.03579165984808865	0.03555198884217411	0.03531378218553936	
0.03507703827469822	0.034841755037321405	0.034607929791039285	0.03437555910821392	
0.03414463868804488	0.03391516323730584	0.033687126360924254	0.03346052046352562	
0.033235336662954425	0.03301156471667309	0.03278919296181169	0.03256820826951523	
0.032348596014091714	0.03213034005732709	0.03191342274818203	0.031697824937941335	
0.031483526010735195	0.031270503929202866	0.031058735294926348	0.030848195423115683	
0.030638858430891577	0.03043069733837947	0.03022368418170683	0.030017790136876846	
0.029812985653392493	0.029609240596403078	0.02940652439607121	0.02920480620277961	
0.029004055046748745	0.028804240000585367	0.02860533034325857	0.028407295723982477	
0.028210106324485635	0.028013733018160174	0.027818147524614322	0.027623322558191783	
0.02742923196908089	0.027235850875701812	0.027043155787146063	0.026851124714530505	
0.02665973727023718	0.026468974754119395	0.02627882022587824	0.026089258562943814	
0.025900276503328854	0.025711862673064724	0.025524007597971427	0.025336703699662302	
0.025149945275826036	0.02496372846498102	0.0247780511960331	0.02459291312311694	
0.024408315546329044	0.024224261319096798	0.024040754743046264	0.023857801451347995	
0.02367540828162448	0.02349358313959734	0.02331233485473536	0.023131673029237593	
0.022951607881741345	0.02277215008719449	0.02259331061435928	0.02241510056243802	
0.02223753099830966	0.02206061279586297	0.021884356478882972	0.021708772068914632	
0.021533868939475502	0.021359655677927084	0.0211861399562403	0.02101332841180347	
0.02084122653932703	0.020669838594789845	0.020499167512262693	0.02032921483431638	
0.020159980656601618	0.01999146358704705	0.019823660719991937	0.019656567625426682	
0.019490178353375652	0.01932448545331699	0.01915948000839437	0.01899515168404104	
0.018831488790503805	0.018668478358627137	0.01850610622814032	0.018344357147572436	
0.01818321488482159	0.01802266234730339	0.01786268171052466	0.017703254553849353	
0.01754436200216453	0.017385984872102526	0.017228103821437475	0.01707069950025001	
0.01691375270244057	0.016757244516174576	0.016601156471853715	0.01644547068623712	
0.016290170001371944	0.016135238117046948	0.01598065971554132	0.015826420577517698	
0.01567250768798891	0.015518909331381281	0.015365615174818853	0.015212616338859205	
0.015059905455028522	0.014907476709621293	0.014755325873355112	0.014603450316598533	
0.014451849010017075	0.01430052251061426	0.01414947293327163	0.013998703908021064	
0.013848220523404998	0.013698029256403253	0.013548137889519547	0.01339855541573064	
0.013249291932105065	0.013100358522992166	0.012951767133770529	0.01280353043622107	
0.012655661686658362	0.012508174578011044	0.012361083087089357	0.012214401318311894	
0.012068143345189396	0.011922323050876838	0.011776953969103691	0.011632049126787348	
0.011487620889608401	0.011343680811800923	0.011200239491364032	0.011057306431853042	
0.010914889911845546	0.010772996863109813	0.010631632758424077	0.010490801509912369	
0.010350505378670704	0.010210744896361305	0.010071518799353028	0.009932823975880436	
0.009794655426588141	0.009657006238717626	0.009519867574085308	0.009383228670889327	
0.009247076859275359	0.009111397590480371	0.008976174479269449	0.008841389359268181	
0.008707022350688464	0.008573051939825329	0.008439455069582017	0.008306207240131402	
0.00817328261864527	0.008040654156789465	0.007908293714368816	0.007776172187062325	
0.0076442596355679755	0.007512525412590379	0.007380938282865193	0.0072494665296856785	
0.007118078039043081	0.006986740349336618	0.006855420650482853	0.006724085711005051	
0.006592701705194377	0.006461233904723213	0.006329646190320413	0.006197900329741076	
0.006065954959084678	0.0059337641968320535	0.005801275815640393	0.00566842889847079	
0.005535150916140493	0.005401354186574129	0.005266931715764498	0.00513175248053305	
0.004995656296500415	0.0048584485225617305	0.004719894984216259	0.00457971764727129	
0.004437591730938692	0.004293145100031532	0.004145960899118046	0.003995584461476855	
0.0038415355135432146	0.0036833265717699445	0.003520488167327581	0.0033526011169750067	
0.0031793354814671562	0.0030004951304587594	0.0028160660022718245	0.0026262652700930885	
0.0024315877888545865	0.002232845503749131	0.0020311950665064813	0.0018281488408651524	
0.001625564877501784	0.0014256123594945016	0.0012307104704428835	0.0010434405650359883	
0.0008664338056284772	0.0007022388839560804	0.0005531768392793953	0.00042119204867752103	
0.0003077099379477979	0.0002135126124304258	0.00013864327304538538	8.234889619806195e-05	
4.306826300018853e-05	1.8469188035400166e-05	5.53499322149682e-06	6.962528506755105e-07	
-0.0	
                Type                   L                   N
                   0                   2                   0
0.0	-4.624554471737849e-05	-0.00018500725544510878	-0.0004163600781199384	
-0.000740427978623481	-0.0011573825335861288	-0.0016674409711053399	-0.0022708636748458005	
-0.0029679511686589452	-0.003759040602398078	-0.004644501762985875	-0.005624732637987865	
-0.006700154561934659	-0.007871206978394963	-0.009138341853310323	-0.010502017777343508	
-0.011962693796948672	-0.013520823015530247	-0.015176846007407558	-0.01693118408833474	
-0.01878423248703541	-0.020736353462595423	-0.022787869412613702	-0.024939056016744593	
-0.02719013545967857	-0.02954126977670973	-0.0319925543638387	-0.03454401169287006	
-0.03719558527019905	-0.03994713387596088	-0.042798426117954126	-0.045749135332271554	
-0.04879883485989451	-0.05194699372566144	-0.05519297274302271	-0.0585360210648786	
-0.06197527319758307	-0.06550974649191531	-0.06913833912149811	-0.07285982855580572	
-0.07667287053158106	-0.08057599852319672	-0.08456762370927799	-0.0886460354297749	
-0.09280940212465862	-0.09705577274253707	-0.10138307860476485	-0.1057891357080778	
-0.11027164744642964	-0.11482820773056905	-0.11945630448197084	-0.12415332347605217	
-0.12891655250815623	-0.13374318585459014	-0.13863032900005948	-0.14357500360214961	
-0.1485741526630697	-0.15362464587868493	-0.15872328513492584	-0.16386681012195625	
-0.1690519040370105	-0.17427519934755178	-0.1795332835873516	-0.18482270515922725	
-0.19013997911948247	-0.19548159292056694	-0.20084401209006544	-0.20622368582585457	
-0.21161705248907578	-0.2170205449784683	-0.2224305959715551	-0.22784364302014737	
-0.23325613348963717	-0.2386645293335223	-0.2440653116965672	-0.24945498534191146	
-0.25483008289927367	-0.2601871689331571	-0.2655228438316156	-0.2708337475176771	
-0.2761165629869315	-0.2813680196760579	-0.28658489666818304	-0.2917640257419212	
-0.2969022942717402	-0.3019966479879197	-0.30704409360482376	-0.3120417013264811	
-0.3169866072385889	-0.3218760155959829	-0.3267072010144091	-0.3314775105750471	
-0.33618436584972483	-0.34082526485409614	-0.34539778393528386	-0.34989957959958695	
-0.3543283902848727	-0.35868203808119886	-0.3629584304020707	-0.3671555616075649	
-0.3712715145793182	-0.37530446224616343	-0.37925266905795185	-0.38311449240389667	
-0.38688838397060293	-0.3905728910338193	-0.39416665767690634	-0.3976684259280378	
-0.40107703680729667	-0.40439143127404725	-0.40761065106435207	-0.41073383940767844	
-0.41376024161178593	-0.4166892055044682	-0.41952018172075695	-0.42225272382429696	
-0.4248864882518454	-0.427421234070269	-0.429856822535974	-0.432193216447432	
-0.43443047928233575	-0.4365687741119201	-0.4386083622861481	-0.4405496018847108	
-0.4423929459301795	-0.44413894036112395	-0.4457882217645735	-0.44734151486882906	
-0.44879962979932003	-0.45016345910192906	-0.45143397453994005	-0.45261222367252685	
-0.45369932622441983	-0.45469647025809423	-0.455604908161472	-0.4564259524657136	
-0.4571609715091764	-0.45781138496501556	-0.4583786592511919	-0.45886430284281354	
-0.4592698615077445	-0.45959691348729675	-0.4598470646445095	-0.4600219436030619	
-0.4601231969002147	-0.4601524841773541	-0.46011147343168574	-0.46000183635243846	
-0.4598252437645294	-0.45958336120207866	-0.4592778446333916	-0.45891033635809786	
-0.4584824610960176	-0.4579958222860708	-0.457451998612111	-0.45685254077102283	
-0.45619896849672137	-0.4554927678519097	-0.4547353887975505	-0.4539282430480411	
-0.4530727022180433	-0.4521700962648486	-0.45122171222804364	-0.45022879326613896	
-0.4491925379877161	-0.4481141000725784	-0.4469945881763615	-0.4458350661101047	
-0.44463655328440516	-0.4434000254059934	-0.44212641541290787	-0.44081661463291133	
-0.4394714741483868	-0.4380918063497228	-0.4366783866581062	-0.43523195539774084	
-0.43375321979678355	-0.43224285609574487	-0.4307015117417453	-0.42912980764686315	
-0.4275283404888268	-0.4258976850325236	-0.42423839645120265	-0.4225510126268226	
-0.4208360564097528	-0.4190940378189564	-0.41732545616485345	-0.41553080207828297	
-0.41371055943032853	-0.4118652071292359	-0.40999522078221756	-0.40810107421159547	
-0.4061832408164511	-0.40424219477272794	-0.40227841206654674	-0.4002923713573147	
-0.3982845546690485	-0.39625544791012757	-0.3942055412234881	-0.39213532917097377	
-0.3900453107572333	-0.3879359893001141	-0.38580787215598866	-0.3836614703098028	
-0.38149729784089287	-0.379315871276704	-0.37711770884752915	-0.374903329656179	
-0.37267325277715996	-0.3704279963004202	-0.36816807633504983	-0.36589400598847843	
-0.3636062943366966	-0.36130544540085713	-0.35899195714526205	-0.35666632051125524	
-0.35432901850088155	-0.3519805253233891	-0.34962130561672294	-0.3472518137551186	
-0.3448724932527362	-0.34248377627203025	-0.3400860832442111	-0.33767982260774065	
-0.33526539066934835	-0.332843171590556	-0.33041353750117114	-0.3279768487396891	
-0.3255334542190178	-0.32308369191445624	-0.32062788946939436	-0.3181663649128242	
-0.31569942748140833	-0.3132273785376309	-0.3107505125743991	-0.30826911829543624	
-0.3057834797598884	-0.303293877578781	-0.3008005901503049	-0.29830389492040643	
-0.29580406965479134	-0.2933013937082313	-0.2907961492770141	-0.2882886226204595	
-0.2857791052376615	-0.28326789498602306	-0.28075529712866093	-0.27824162529844704	
-0.2757272023672427	-0.2732123612098107	-0.27069744535292095	-0.26818280950130613	
-0.26566881993334257	-0.26315585476064157	-0.2606443040470925	-0.25813456978431704	
-0.25562706572194244	-0.25312221705256294	-0.2506204599527357	-0.24812224098281374	
-0.24562801634985132	-0.24313825103921813	-0.24065341782188676	-0.23817399614563836	
-0.23570047091961693	-0.23323333120276085	-0.23077306880762796	-0.2283201768320196	
-0.22587514813155138	-0.22343847374695597	-0.22101064130038056	-0.2185921333752994	
-0.2161834258948548	-0.21378498651350325	-0.21139727303674627	-0.2090207318834929	
-0.20665579660521696	-0.204302886475554	-0.201962405163326	-0.19963473950120658	
-0.19732025836132944	-0.1950193116481403	-0.1927322294176755	-0.19045932113125572	
-0.18820087505030078	-0.18595715777763566	-0.18372841394926787	-0.1815148660791822	
-0.17931671455825732	-0.17713413780694434	-0.17496729257990093	-0.1728163144193405	
-0.17068131825246224	-0.16856239912697968	-0.1664596330774817	-0.1643730781141473	
-0.16230277532420867	-0.16024875007553427	-0.1582110133107755	-0.15618956291971678	
-0.15418438517678704	-0.15219545623013284	-0.15022274362823526	-0.14826620786976866	
-0.14632580396225917	-0.1444014829750961	-0.1424931935725915	-0.14060088351305572	
-0.13872450110027362	-0.1368639965743046	-0.13501932342919587	-0.13319043964598698	
-0.131377308830268	-0.1295799012445541	-0.12779819472681236	-0.1260321754876448	
-0.12428183877984614	-0.12254718943534361	-0.12082824226583948	-0.11912502232482614	
-0.11743756503000305	-0.11576591614648853	-0.11411013163256278	-0.11247027735100461	
-0.11084642865036075	-0.10923866982172065	-0.10764709343773211	-0.10607179958168533	
-0.10451289497549351	-0.10297049201631528	-0.10144470773236093	-0.09993566266912582	
-0.0984434797178693	-0.09696828289861457	-0.09551019611027164	-0.09406934186069026	
-0.09264583998951981	-0.09123980639669522	-0.08985135178918405	-0.08848058045831723	
-0.08712758909960112	-0.0857924656863508	-0.08447528840784142	-0.08317612468190551	
-0.08189503025106125	-0.0806320483703158	-0.07938720909378348	-0.07816052866618327	
-0.07695200902416112	-0.07576163741121433	-0.07458938610881141	-0.07343521228509169	
-0.07229905796132341	-0.0711808500951007	-0.07008050077808888	-0.06899790754498004	
-0.06793295378923438	-0.06688550928013919	-0.06585543077474974	-0.06484256271738187	
-0.06384673801851838	-0.06286777890427533	-0.06190549782696219	-0.060959698426756734	
-0.06003017653411946	-0.05911672120228873	-0.058219115759021736	-0.05733713886670147	
-0.05647056557998819	-0.05561916839037331	-0.05478271824728404	-0.05396098554578777	
-0.05315374107144113	-0.05236075689343533	-0.05158180719786993	-0.05081666905376368	
-0.05006512310525319	-0.04932695418433585	-0.04860195183947621	-0.04788991077639961	
-0.047190631208427855	-0.04650391911477263	-0.045829586406262314	-0.04516745099904061	
-0.0445173367978227	-0.043879073591314904	-0.043252496863387495	-0.04263744752452968	
-0.04203377156899313	-0.04144131966384277	-0.04085994667687688	-0.040289511151024304	
-0.03972987473340041	-0.03918090156766655	-0.03864245765870951	-0.038114410218918704	
-0.037596627005502085	-0.0370889756583224	-0.03659132304768537	-0.0361035346413369	
-0.03562547389965856	-0.03515700170767494	-0.034697975852012064	-0.03424825055038413	
-0.033807676040530796	-0.033376098234800713	-0.03295335844577285	-0.03253929318744679	
-0.032133734055615634	-0.031736507690080865	-0.03134743582037732	-0.03096633539566772	
-0.03059301879844945	-0.030227294140695055	-0.029868965640048192	-0.029517834072715715	
-0.02917369729874975	-0.028836350854516926	-0.02850558860630908	-0.028181203458266572	
-0.027862988107085113	-0.02755073583535219	-0.02724424133482195	-0.026943301550503458	
-0.0266477165360912	-0.026357290311035845	-0.02607183170942374	-0.02579115521081369	
-0.025515081743269493	-0.025243439449029074	-0.02497606440355318	-0.024712801279112507	
-0.024453503944582886	-0.024198035993723485	-0.02394627119491595	-0.0236980938561165	
-0.023453399099631445	-0.023212093042246865	-0.02297409287721706	-0.022739326855641964	
-0.022507734165823252	-0.022279264710267543	-0.022053878781104094	-0.021831546635784353	
-0.021612247976011065	-0.021395971333916637	-0.021182713370541808	-0.020972478092649804	
-0.020765275994851496	-0.020561123134878383	-0.020360040150638418	-0.020162051228398942	
-0.019967183032058106	-0.01977546360398809	-0.019586921248349303	-0.01940158340807843	
-0.019219475546949062	-0.019040620048177716	-0.018865035141005466	-0.018692733866530042	
-0.01852372309377956	-0.018358002596631624	-0.018195564201675868	-0.018036391016502076	
-0.017880456747186458	-0.017727725112935844	-0.017578149364951234	-0.01743167191559605	
-0.01728822408290793	-0.017147725954382666	-0.01701008637280517	-0.016875203045710444	
-0.01674296277883217	-0.01661324183267041	-0.016485906400070378	-0.016360813201482027	
-0.0162378101933725	-0.01611673738409466	-0.01599742775040162	-0.015879708246737474	
-0.01576340089844491	-0.01564832396912478	-0.015534293191561235	-0.015421123050906491	
-0.015308628108206409	-0.015196624351842478	-0.015084930564086031	-0.014973369689698195	
-0.014861770193372701	-0.014749967392814875	-0.014637804754370218	-0.014525135138366509	
-0.01441182198171084	-0.014297740405783844	-0.014182778238290965	-0.01406683693846602	
-0.013949832415863343	-0.013831695733912106	-0.013712373690440649	-0.013591829268489578	
-0.013470041951914336	-0.013347007901523543	-0.013222739988786847	-0.013097267685474201	
-0.012970636808937955	-0.012842909124105444	-0.012714161804609466	-0.012584486756820433	
-0.0124539898118559	-0.012322789791912429	-0.012191017458476675	-0.012058814351122812	
-0.011926331526673445	-0.011793728209482619	-0.011661170364486126	-0.0115288292054419	
-0.011396879651447814	-0.0112654987453672	-0.011134864048210232	-0.011005152023803476	
-0.010876536428233967	-0.010749186718569496	-0.010623266495237094	-0.01049893199218695	
-0.010376330628580316	-0.01025559963522113	-0.010136864768309864	-0.010020239122331654	
-0.009905822053018945	-0.00979369822034924	-0.009683936760461401	-0.009576590594218164	
-0.009471695878907187	-0.0093692716082759	-0.009269319364750499	-0.009171823226304991	
-0.009076749829034123	-0.008984048585068157	-0.008893652054045036	-0.008805476464953286	
-0.008719422383786084	-0.008635375521110846	-0.008553207672381694	-0.008472777782610462	
-0.008393933125872098	-0.008316510589079881	-0.00824033804851123	-0.008165235826726779	
-0.008091018216797217	-0.008017495060146727	-0.007944473363844304	-0.00787175894282873	
-0.007799158072338858	-0.007726479135748064	-0.0076535342530640125	-0.007580140875550798	
-0.00750612333226626	-0.007431314314769354	-0.0073555562868441	-0.0072787028067949466	
-0.007200619750697566	-0.007121186425914228	-0.007040296565214606	-0.006957859192955286	
-0.0068737993559606575	-0.006788058713006615	-0.0067005959781134185	-0.006611387214204832	
-0.006520425975068549	-0.006427723294940468	-0.006333307526433181	-0.0062372240289067125	
-0.0061395347107385595	-0.006040317430269602	-0.005939665261472674	-0.005837685631599545	
-0.005734499339200446	-0.005630239461961867	-0.005525050164771938	-0.00541908541928366	
-0.005312507646995242	-0.005205486298506575	-0.005098196382123746	-0.004990816955375524	
-0.004883529593264892	-0.004776516847214525	-0.0046699607086605616	-0.004564041091123366	
-0.004458934344324884	-0.004354811813536796	-0.00425183845684327	-0.004150171532377577	
-0.004049959366866207	-0.003951340215981823	-0.003854441226080803	-0.0037593775058968808	
-0.0036662513156759426	-0.0035751513800949294	-0.0034861523301102943	-0.0033993142776421186	
-0.003314682525737088	-0.003232287415569632	-0.003152144310356388	-0.003074253714981526	
-0.0029986015288752106	-0.0029251594284624184	-0.0028538853743207593	-0.0027847242370611044	
-0.002717608534884906	-0.0026524592747871286	-0.002589186888476179	-0.0025276922532699356	
-0.0024678677875199125	-0.0024095986095122534	-0.002352763748297162	-0.0022972373945226066	
-0.0022428901790818106	-0.002189590467242833	-0.0021372056559016686	-0.0020856034616944987	
-0.0020346531879159367	-0.001984226958511673	-0.0019342009078502215	-0.001884456315515686	
-0.001834880675999648	-0.0017853686939009056	-0.0017358231960524343	-0.001686155952883791	
-0.0016362884022811056	-0.0015861522702161693	-0.0015356900834730671	-0.001484855570891309	
-0.0014336139506606871	-0.0013819421023316021	-0.0013298286233347392	-0.0012772737709280278	
-0.0012242892915882999	-0.0011708981409372897	-0.0011171340983239613	-0.001063041281162193	
-0.0010086735650453194	-0.0009540939165107559	-0.0008993736461027748	-0.0008445915900757282	
-0.0007898332296824708	-0.0007351897575040298	-0.0006807571006841829	-0.0006266349112456954	
-0.0005729255338674129	-0.0005197329616026747	-0.0004671617900156614	-0.0004153161801023274	
-0.0003642988401531162	-0.00031421003640502433	-0.0002651466419253417	-0.00021720123267644095	
-0.00017046123913098845	-0.00012500816115127138	-8.09168531200963e-05	-3.825488551949192e-05	
2.9180116860443156e-06	4.2550419397027575e-05	8.059960991406888e-05	0.00011703183506659707	
0.00015182252030894512	0.00018495636412880757	0.00021642734308075808	0.000246238623714411	
0.00027440238359802415	0.00030093954453849634	0.00032587942195744403	0.00034925929519528107	
0.00037112390426332617	0.0003915248792574066	0.0004105201092602365	0.00042817305810349403	
0.00044455203481973035	0.00045972942698978704	0.00047378090547753045	0.00048678460924180526	
0.0004988203190181946	0.0005099686286786924	0.0005203101229979431	0.0005299245703876943	
0.000538890138907207	0.0005472826435183747	0.000555174832138035	0.0005626357175478137	
0.0005697299616604885	0.0005765173180215134	0.0005830521377443163	0.0005893829433526659	
0.0005955520742399666	0.0006015954066551273	0.0006075421503067966	0.0006134147228426413	
0.0006192287026213326	0.0006249928593553199	0.0006307092613832015	0.0006363734575201991	
0.0006419747306644254	0.0006474964195959628	0.000652916304710159	0.0006582070527838994	
0.0006633367152863417	0.0006682692742215195	0.0006729652290342827	0.0006773822177287906	
0.0006814756650378632	0.0006851994502557605	0.0006885065871940372	0.0006913499086538774	
0.0006936827478206044	0.0006954596090800745	0.0006966368209281864	0.0006971731638961646	
0.0006970304667330763	0.0006961741644841956	0.0006945738125564305	0.0006922035513815641	
0.0006890425168575423	0.0006850751923669	0.0006802916988282263	0.0006746880199315114	
0.0006682661604226447	0.0006610342360411012	0.0006530064944592065	0.0006442032673201897	
0.0006346508542146742	0.0006243813401651897	0.0006134323488943314	0.0006018467348333733	
0.0005896722174709278	0.0005769609622421828	0.0005637691127137897	0.0005501562793168066	
0.0005361849903207798	0.0005219201111169393	0.0005074282381890796	0.0004927770743842519	
0.00047803479226361627	0.00046326939239632495	0.00044854806347331233	0.00043393655104584307	
0.00041949854154366064	0.00040529506799665915	0.00039138394356624985	0.0003778192285935266	
0.0003646507363796525	0.0003519235823330321	0.0003396777804375151	0.000327947890211104	
0.00031676271642966283	0.00030614506287112033	0.0002961115401936297	0.0002866724267841257	
0.00027783158001773694	0.0002695863938684352	0.0002619277972610293	0.0002548402860438998	
0.000248301980128481	0.00024228469640538442	0.0002367540277955603	0.000231669419621478	
0.00022698423682826778	0.000222645819980975	0.00021859553487536308	0.00021476883043284193	
0.00021109533243306283	0.00020749901631358255	0.0002038985199040141	0.00020020767498431493	
0.00019633635257216732	0.00019219172760850435	0.0001876800703451784	0.0001827091600319669	
0.00017719138753489826	0.00017104756440481782	0.00016421138569327315	0.00015663440435345123	
0.00014829127175898673	0.0001391848910168968	0.0001293510302812863	0.00011886186789476361	
0.0001078279066423651	9.639771617611995e-05	8.475505219302281e-05	7.311306281894293e-05	
6.170552231963822e-05	5.0775314679054245e-05	4.0560699391981705e-05	3.128019511492753e-05	
2.3117174831660507e-05	1.6205440193056724e-05	1.0617099802014794e-05	6.35399502315983e-06	
3.343692014192199e-06	1.4407032857057025e-06	4.331478452535389e-07	5.455298642562626e-08	
-0.0	
